300 2
14 23
6 8
10 10
12 3
3 11
9 14
0 16
9 17
6 7
-1 18
12 13
15 11
13 17
17 4
8 17
16 11
15 10
1 12
0 18
17 20
4 21
16 0
18 16
20 0
27 12
1 10
23 7
11 16
8 15
-13 4
12 3
10 11
15 11
7 -5
-6 6
0 3
9 15
17 14
4 -7
7 14
5 7
25 16
19 11
-7 12
20 20
12 18
4 13
21 23
8 -3
3 17
-1 25
10 14
6 21
21 -1
10 0
20 3
5 19
13 14
15 26
20 7
15 13
11 17
2 4
10 7
15 -2
13 3
12 10
2 11
12 11
6 5
12 16
10 9
-9 6
15 7
-1 16
11 20
8 5
0 1
9 3
17 12
18 17
-9 15
13 23
12 6
9 8
1 9
15 -1
12 10
11 7
13 19
11 -2
5 17
-2 3
3 3
9 25
13 10
-11 4
3 15
9 13
1 18
-1 5
1 7
13 -2
25 -4
4 1
4 18
11 2
0 20
0 14
4 14
13 10
0 3
11 10
23 8
9 10
17 11
8 10
-9 2
1 3
5 13
12 4
19 10
0 -12
0 11
10 17
8 18
12 11
16 0
7 16
15 0
7 -5
-5 5
7 9
-5 8
1 1
1 19
10 0
16 8
0 13
22 15
-10 0
-2 -2
-3 2
12 15
7 11
12 17
5 8
9 2
2 6
6 2
-4 -6
-6 5
-12 -8
-10 5
-9 -16
-10 -2
-10 0
-5 -12
-11 -8
-8 -8
-15 -5
-7 -14
-11 -4
-3 -14
-7 -8
-8 -3
-10 -6
-14 0
2 -5
-24 -6
2 0
-10 -6
-13 1
-2 11
-10 -12
-6 -9
-16 -13
-3 -5
-9 -5
-5 -13
-7 -12
-13 6
-23 -8
-6 -4
-24 -8
-7 -20
-14 -14
-17 -17
-13 -12
-4 9
-17 5
-4 -14
-9 -2
-31 -11
-6 6
-13 8
0 -13
-16 -16
-38 3
-11 -3
-14 -14
-8 -7
-11 -17
-15 7
-1 -2
-13 -18
8 -17
-18 -13
-25 -9
7 -8
-11 -13
-11 9
-23 -3
-18 -18
-1 -3
-10 6
-12 -7
-1 -2
7 -14
-15 -12
-14 -4
3 -18
-9 2
4 -14
-6 3
-9 -13
-18 -5
-24 1
-19 -9
-5 -2
-6 9
-22 -18
-6 -14
-12 -14
-19 -12
-4 -13
14 -4
-12 -11
-11 -10
-10 -12
-3 -17
-14 -7
-6 -13
-2 -6
-14 -5
-11 -12
-17 -14
-13 4
-9 9
-4 -11
-17 -10
-14 -9
-11 -15
-10 -14
-10 -9
-13 -2
-8 -12
-11 -10
-15 -15
-5 -12
-17 -9
-4 -13
-8 -13
-9 -14
-7 -11
4 -19
3 0
-23 0
-13 -10
-10 -11
-15 -16
-11 -11
-13 7
-14 0
-10 1
-20 -2
10 -17
-12 -5
-4 8
-4 -8
-15 -15
-1 -10
-16 -7
-3 -9
-8 -9
-2 -9
-2 -18
-24 4
10 -16
-3 -8
-12 7
-27 -6
-12 -1
-5 -18
-5 -13
-19 -9
-14 -18
-1 -20
-12 -13
-6 9
