300 2
-3 4
23 -10
9 17
15 13
31 17
5 12
4 9
3 16
21 12
17 17
23 14
15 10
22 20
0 -2
11 22
2 7
13 6
4 4
1 12
23 -1
10 9
-2 17
9 21
18 17
8 12
12 5
13 -2
7 8
9 0
8 10
11 7
11 13
8 18
6 19
3 17
5 -1
9 7
10 -1
11 14
0 12
10 15
27 15
25 27
5 -5
8 9
13 21
7 15
14 20
1 6
15 -7
11 21
21 1
18 -12
21 23
7 25
2 -2
13 12
2 16
5 8
14 12
10 1
4 3
17 8
4 -2
-11 4
1 -1
14 21
8 21
16 14
9 6
19 12
18 2
9 10
9 4
21 16
21 4
-1 -10
17 -14
21 -24
16 -9
2 -9
10 -14
-8 -4
15 -27
-1 -4
6 -12
16 0
7 -6
21 -7
18 -5
18 -8
-2 3
6 -18
1 -5
0 -5
6 -15
-1 0
5 -9
29 -9
10 -29
10 -12
15 -12
5 -20
3 -17
2 -11
13 -2
7 -7
23 -6
10 -22
11 -6
9 -25
7 -12
2 -9
13 -19
8 -14
11 -19
22 -10
14 2
8 -5
7 -15
5 -11
-3 -14
11 -20
4 2
2 -14
10 -1
2 -9
10 -6
21 -8
12 -19
6 -17
3 -9
3 -6
-7 -26
4 -1
14 -11
16 2
8 -17
17 -14
10 -27
4 -5
11 -20
22 -11
11 2
3 -15
16 -9
18 -10
2 -7
-1 -5
8 -6
-13 5
-17 6
-10 16
-9 1
-8 8
-29 7
-24 14
4 14
-14 12
1 17
3 9
3 18
-13 2
-16 14
-17 -1
10 2
-19 18
-12 5
-7 4
-8 18
-6 -1
-6 12
3 0
-19 6
-9 12
-9 6
-24 12
-7 13
-8 1
-15 16
-9 10
-22 -5
-4 10
-7 9
3 16
0 6
-6 10
-1 -2
-11 10
-19 1
-16 18
-6 20
-11 15
-4 11
-21 1
-5 8
5 15
-13 -3
-2 15
-18 8
-9 17
-21 10
-20 9
-2 18
-21 19
-9 13
-1 8
-20 18
-19 17
-8 16
0 17
-17 20
-18 12
1 17
-1 6
-30 5
-3 6
-3 19
-17 3
0 16
-16 13
11 2
1 11
3 6
-10 9
-1 -11
6 -18
-9 -10
1 -12
-16 -17
-26 -1
-11 0
-20 -1
-8 -15
-4 6
-2 -10
3 -8
-21 12
3 -11
-14 2
-15 -4
-13 -9
-11 -20
-15 -4
-18 -13
-2 -11
4 5
-4 -5
-1 -14
-7 -1
-3 -12
-9 -5
1 6
-9 -6
0 -20
-20 -12
2 -12
5 -4
-10 -5
-16 -7
5 -8
-14 -3
-21 -8
-13 -20
-10 0
2 -15
8 1
-15 -16
-9 -9
-7 -17
-7 -7
-5 -9
-12 10
-4 11
2 -14
-14 5
-24 -12
-6 -9
-27 -10
-22 -3
-4 -1
-7 -12
-18 2
-23 -5
9 3
-17 3
-13 -19
-11 -10
-12 -2
-27 -7
-12 -17
-14 -18
-12 -1
-14 -18
-18 -5
-16 -3
-2 -13
-11 -2
-22 -8
-1 -16
