100 
2 
-8.8 -10.9
-9.7 -5.3
-10.2 -10
-7.2 -8.5
-7.6 -5.1
-6.9 -5.4
-6 _6
-8.8 -5.7
-8.4 -6.5
-10.6 -6.1
-5 -8.2
-10.4 -6.3
-17.8 -6
-12.1 -5
-6.7 -5.8
-8 -5.3
-6.4 -5.3
-8.8 -7.9
-15.8 -6.2
-6 -9.2
-7.7 -8.1
-8.5 -8.2
-9.1 -8
-6 -7.5
-7.9 -8.7
-5.8 6.3
-5.6 8.1
-14.7 8.6
-15.6 5.8
-8.2 14.8
-7.3 8.5
-5.8 15.3
-6.6 7.7
-5.4 6.6
-12.9 6.1
-8 5.2
-9.3 11.2
-8.7 6.4
-7.4 7.5
-9.3 6
-6.1 7.8
-5.5 5.9
-7.1 5.9
-6.8 7
-13.9 6.5
-5 10.3
-6.6 15.1
-6.8 11
-5.4 9.4
-5.3 5.9
8.2 -9.3
7.9 -10.2
7.8 -6.6
6.2 -5.4
10.2 -13.6
10.9 -5.9
5.6 -13.1
6.2 -6.2
10.6 -5.4
5.1 -9.9
5.7 -10.8
6.2 -6.2
9.4 -8.4
5.8 -5.2
7 -8.9
8.1 -6.5
10.4 -11
5.4 -5.9
7.9 -5.8
6.5 -6.5
7.1 -7.5
6.9 -6.8
7 -5.3
10.6 -10.9
18.4 -8.9
7.7 15.7
6.5 5.6
7.5 8.9
9.9 7.6
8.4 14.9
9.6 9.3
6.1 9.8
8 5.1
5.6 10.4
5.2 5.1
6.1 18.9
13.7 14.1
10.1 11.6
5.5 6.8
7.1 7.6
11.5 5.7
11.8 9.3
8.8 9.3
10.8 5.4
7.8 7.6
7.9 8.7
6 7.4
5.3 11.2
7.3 10.5
7.1 7